[    0.          1463.88865697  1473.43442338   426.38597538
   579.69992237  4196.23700475  4801.78675078  3868.25865216
  3066.82115553  4589.7803869   5042.97154464  4474.47561173
  4131.60077936  9709.49272619  9251.51906446  9119.14491605
  9141.24832832 26857.43444561 27434.62866525 29735.92403138
 29882.61871055 28660.08906127 27564.77476781 30182.9017326
 29747.0131778  29558.45484798 29703.87853463 31742.2536062
 31788.08161875 32856.19736062 32329.67976952 33692.94544857
 33416.06549251  1802.77563773  2121.32034356  3354.10196625
  2549.5097568   5024.93781056  4123.10562562  9000.
  9219.54445729 27986.60393831 29410.88233971 27064.73720545
 29347.06118166 29090.37641558 31752.95261861 33015.14803844
 34252.73711691  4123.10562562  4123.10562562  4123.10562562
  4123.10562562  4123.10562562  4123.10562562  4123.10562562
  4123.10562562 29529.64612047 29529.64612047 29529.64612047
 29529.64612047 29529.64612047 29529.64612047 29529.64612047
 29529.64612047]
[ 1463.88865697     0.           750.40322494  1074.85115249
  1966.93314579  5479.32450216  5986.04861323  4069.80159222
  3198.30236219  4465.08700923  5012.60211866  4908.37019794
  4686.00309432  9902.07316677  9432.06896709  9773.95528944
  9722.5632937  28268.12071928 28822.79410467 31152.48002969
 31293.83410514 29977.4361312  28897.03932932 31519.68434169
 31094.39964045 30864.1089455  30998.30011468 33073.06617174
 33087.62156759 34093.26732656 33558.20597112 34960.76785484
 34682.92370894   949.72101167  1551.4412654   3051.22434442
  2726.71413977  5141.98113571  4740.98829359  9168.47697276
  9690.87044594 29391.32474047 30821.8910841  28416.59673501
 30717.55149747 30404.50575162 33093.98691605 34250.29883081
 35506.64684253  4740.98829359  4740.98829359  4740.98829359
  4740.98829359  4740.98829359  4740.98829359  4740.98829359
  4740.98829359 30848.7758266  30848.7758266  30848.7758266
 30848.7758266  30848.7758266  30848.7758266  30848.7758266
 30848.7758266 ]
[ 1473.43442338   750.40322494     0.          1054.60988048
  1799.72692373  5667.43204635  6253.48454863  4720.52475896
  3851.95340055  5182.02788491  5718.29388891  5506.50569781
  5244.13767935 10582.29965556 10113.90814671 10321.94521396
 10296.46347053 28291.13161399 28884.13593999 31163.74863523
 31315.40362186 30131.45393107 29033.90688488 31651.01518119
 31212.64615504 31030.96443877 31177.05144814 33211.46869682
 33260.97448963 34327.15347943 33799.61214275 35166.16001215
 34889.2430987    334.67745667  2285.17154717  3779.94828007
  3357.97692071  5821.16904067  5277.9739484   9852.25908104
 10299.8548048  29425.02351741 30843.91364597 28529.31841107
 30804.98350917 30562.10086038 33220.05431964 34485.89579814
 35725.22930647  5277.9739484   5277.9739484   5277.9739484
  5277.9739484   5277.9739484   5277.9739484   5277.9739484
  5277.9739484  31000.75820041 31000.75820041 31000.75820041
 31000.75820041 31000.75820041 31000.75820041 31000.75820041
 31000.75820041]
[  426.38597538  1074.85115249  1054.60988048     0.
   893.20154501  4613.00292651  5203.59846645  4018.68137577
  3183.12503682  4656.52370336  5140.91830318  4695.66661934
  4381.9596073   9889.07963362  9426.84782947  9415.13000441
  9419.47312752 27282.48452762 27860.87265324 30160.36248124
 30307.5951207  29084.16727362 27989.79215714 30608.19373959
 30172.79214789 29981.66993348 30126.15682426 32167.23340606
 32210.83609595 33272.57333    32745.00818445 34112.76265564
 33835.77707102  1387.01297759  1997.199289    3350.79169749
  2665.10881579  5164.08801242  4390.19418705  9171.46689467
  9470.57574807 28412.10666248 29835.88116681 27490.6675983
 29773.42447553 29514.2305507  32178.46803376 33431.2997803
 34671.08023988  4390.19418705  4390.19418705  4390.19418705
  4390.19418705  4390.19418705  4390.19418705  4390.19418705
  4390.19418705 29953.86127029 29953.86127029 29953.86127029
 29953.86127029 29953.86127029 29953.86127029 29953.86127029
 29953.86127029]
[  579.69992237  1966.93314579  1799.72692373   893.20154501
     0.          4018.17383895  4694.23902246  4248.16160239
  3491.12990305  5042.38435663  5465.44362335  4762.0340192
  4381.05249911 10026.52906045  9574.86464656  9261.94795926
  9315.61812227 26495.9284608  27098.09074455 29366.57913343
 29519.76160134 28388.18911097 27280.73642701 29894.10017043
 29449.02553566 29295.73922945 29450.00244482 31458.11774407
 31529.50169286 32643.71579646 32123.35489951 33458.01167135
 33181.92678251  2100.48851461  2691.1060923   3865.23634465
  2983.6306742   5406.66736539  4346.49882089  9328.66828652
  9438.22292595 27631.79422332 29048.3743435  26763.59564782
 29027.7462439  28820.96549389 31460.00718372 32803.96396779
 34027.81291826  4346.49882089  4346.49882089  4346.49882089
  4346.49882089  4346.49882089  4346.49882089  4346.49882089
  4346.49882089 29255.97463767 29255.97463767 29255.97463767
 29255.97463767 29255.97463767 29255.97463767 29255.97463767
 29255.97463767]
[ 4196.23700475  5479.32450216  5667.43204635  4613.00292651
  4018.17383895     0.           848.22461648  4010.37903446
  4025.91269155  5100.9188388   5099.95578412  3553.95737172
  3093.83289788  7958.33475044  7595.86519101  6121.24766694
  6347.39899486 22886.78767324 23391.05224226 25785.90291225
 25911.0217861  24498.27034711 23418.68418592 26042.1737956
 25620.73773333 25386.83154708 25524.61754855 27594.31725917
 27612.20429448 28660.01570132 28133.54220499 29501.87607594
 29224.68877508  5998.5335708   5011.72674834  4959.67791293
  3926.75502164  4696.2117712   2893.51084325  7415.82126268
  6729.81463341 23993.0490976  25438.91516948 22945.7055895
 25261.1441744  24925.65756404 27617.61041437 28818.92442476
 30058.31673597  2893.51084325  2893.51084325  2893.51084325
  2893.51084325  2893.51084325  2893.51084325  2893.51084325
  2893.51084325 25369.51724018 25369.51724018 25369.51724018
 25369.51724018 25369.51724018 25369.51724018 25369.51724018
 25369.51724018]
[ 4801.78675078  5986.04861323  6253.48454863  5203.59846645
  4694.23902246   848.22461648     0.          3884.90939405
  4083.65963322  4926.66215606  4828.81621104  3238.61945897
  2834.72626544  7237.15973293  6894.22287136  5283.82058742
  5523.56560566 22594.89918101 23047.9826883  25502.77588813
 25614.32850964 24038.17474352 22980.37397433 25608.14645772
 25202.99277864 24910.86134601 25034.60429086 27150.60699137
 27127.54085795 28107.2187347  27572.56001898 28980.35412137
 28702.17993463  6587.80357934  5321.57457901  5027.04247048
  4092.32892129  4378.0310643   2624.72017556  6728.23572714
  5932.04484137 23684.57633144 25142.5765585  22537.94924122
 24881.90418758 24460.97209843 27188.58503122 28264.27349146
 29522.18074601  2624.72017556  2624.72017556  2624.72017556
  2624.72017556  2624.72017556  2624.72017556  2624.72017556
  2624.72017556 24911.22550177 24911.22550177 24911.22550177
 24911.22550177 24911.22550177 24911.22550177 24911.22550177
 24911.22550177]
[ 3868.25865216  4069.80159222  4720.52475896  4018.68137577
  4248.16160239  4010.37903446  3884.90939405     0.
   871.56009546  1101.96597044  1286.12479954  1014.03007845
  1134.58803096  5876.86174757  5412.16592502  5858.80098655
  5740.43430413 26248.57958062 26613.25092881 29163.73249432
 29253.78720781 27333.24148359 26337.47089225 28965.67851786
 28602.25826749 28157.53945216 28239.33683711 30477.71430078
 30339.56588351 31087.6155406  30524.65149678 32067.92802786
 31787.50537554  4996.34116129  2634.08902659  1457.19765303
  1366.90343478  1159.06212085  1327.94013419  5154.94180375
  5643.88385777 27309.03559264 28783.56171498 25970.72245818
 28369.49814501 27741.54691073 30553.45193264 31237.05211764
 32557.07949126  1327.94013419  1327.94013419  1327.94013419
  1327.94013419  1327.94013419  1327.94013419  1327.94013419
  1327.94013419 28207.50653638 28207.50653638 28207.50653638
 28207.50653638 28207.50653638 28207.50653638 28207.50653638
 28207.50653638]
[ 3066.82115553  3198.30236219  3851.95340055  3183.12503682
  3491.12990305  4025.91269155  4083.65963322   871.56009546
     0.          1567.12858439  1977.58286805  1780.02808967
  1705.30143963  6735.84864735  6269.20577107  6678.85409333
  6582.02742322 26633.55719764 27042.25807879 29545.61981073
 29647.43194612 27863.47273762 26846.94768498 29476.68185193
 29098.63063788 28703.07462625 28797.12207843 30999.63677207
 30896.61491167 31704.96353885 31148.13962342 32659.72634607
 32379.71687646  4125.45658079  1785.88689451   944.13558348
   519.02986427  1984.79016523  1841.03014641  6009.7747046
  6507.02635618 27709.84287216 29176.24705133 26453.38148517
 28832.47113932 28276.55198216 31062.82974875 31856.26142535
 33162.3188574   1841.03014641  1841.03014641  1841.03014641
  1841.03014641  1841.03014641  1841.03014641  1841.03014641
  1841.03014641 28737.94341981 28737.94341981 28737.94341981
 28737.94341981 28737.94341981 28737.94341981 28737.94341981
 28737.94341981]
[ 4589.7803869   4465.08700923  5182.02788491  4656.52370336
  5042.38435663  5100.9188388   4926.66215606  1101.96597044
  1567.12858439     0.           592.56223302  1776.36482739
  2099.40396303  5503.11484525  5031.1212468   6085.86887798
  5875.94154157 27103.26469265 27426.86628108 30019.23373439
 30098.75720026 28035.70817725 27065.58708028 29689.87108426
 29343.58473329 28840.24003021 28906.18736534 31187.85975344
 31005.7501925  31668.19908047 31096.230286   32685.46657155
 32404.64579347  5414.80230479  2918.91829279  1428.31509129
  2060.11747238   971.63985097  2308.69746827  4762.99107704
  5636.85053909 28148.74924397 29629.68248227 26729.46097474
 29147.45415984 28437.79323365 31278.42841321 31814.68346534
 33154.78975955  2308.69746827  2308.69746827  2308.69746827
  2308.69746827  2308.69746827  2308.69746827  2308.69746827
  2308.69746827 28908.99659276 28908.99659276 28908.99659276
 28908.99659276 28908.99659276 28908.99659276 28908.99659276
 28908.99659276]
[ 5042.97154464  5012.60211866  5718.29388891  5140.91830318
  5465.44362335  5099.95578412  4828.81621104  1286.12479954
  1977.58286805   592.56223302     0.          1591.91519875
  2012.06485979  4921.90989353  4449.89314478  5536.39323025
  5309.88898189 26772.02982592 27068.26244885 29687.50794526
 29759.72985428 27615.22277658 26658.35512555 29279.72180537
 28942.48774725 28410.02015135 28468.6351271  30770.18690226
 30567.28880683 31194.08964852 30618.87444045 32225.66581159
 31944.74718948  5961.25506919  3475.85413963  2002.13935579
  2493.50396029   512.40804053  2218.45937533  4182.53057371
  5052.6786955  27806.84379789 29291.59541575 26338.74640145
 28766.72664729 28014.1493178  30868.21280865 31339.42504259
 32686.94788444  2218.45937533  2218.45937533  2218.45937533
  2218.45937533  2218.45937533  2218.45937533  2218.45937533
  2218.45937533 28487.74406653 28487.74406653 28487.74406653
 28487.74406653 28487.74406653 28487.74406653 28487.74406653
 28487.74406653]
[ 4474.47561173  4908.37019794  5506.50569781  4695.66661934
  4762.0340192   3553.95737172  3238.61945897  1014.03007845
  1780.02808967  1776.36482739  1591.91519875     0.
   489.40065386  5268.65988654  4822.12204325  4900.86441355
  4819.07719382 25341.05185268 25680.65345742 28256.95047241
 28340.09176061 26353.23989569 25366.07379947 27993.13581934
 27636.06131488 27171.69875072 27249.22641104 29500.4844028
 29349.46052315 30081.01316445 29516.86504356 31067.25615499
 30786.74333216  5803.01059796  3562.99480774  2471.22075096
  2189.7333171   1146.70484433   667.0322331   4581.80444803
  4793.42591473 26391.87246104 27870.57466218 25011.33606987
 27418.9155876  26759.65119354 29581.3274212  30230.06668865
 31553.04948812   667.0322331    667.0322331    667.0322331
   667.0322331    667.0322331    667.0322331    667.0322331
   667.0322331  27227.28286113 27227.28286113 27227.28286113
 27227.28286113 27227.28286113 27227.28286113 27227.28286113
 27227.28286113]
[ 4131.60077936  4686.00309432  5244.13767935  4381.9596073
  4381.05249911  3093.83289788  2834.72626544  1134.58803096
  1705.30143963  2099.40396303  2012.06485979   489.40065386
     0.          5682.37080803  5243.79728823  5088.12313137
  5052.56093481 25114.02803216 25480.14060008 28029.20756996
 28119.21314689 26220.14935121 25218.11049623 27846.90191027
 27479.71768414 27049.85593307 27136.4464328  29362.18862755
 29236.5051947  30015.27414501 29456.16358252 30981.07218932
 30700.85197515  5551.49754571  3434.98544393  2527.27620176
  2024.13561799  1605.34264255   210.05951538  5009.80289033
  5090.19891556 26174.55109453 27648.98054178 24845.02213724
 27240.41345134 26630.07932771 29434.31883024 30165.87683128
 31477.59719229   210.05951538   210.05951538   210.05951538
   210.05951538   210.05951538   210.05951538   210.05951538
   210.05951538 27094.54050173 27094.54050173 27094.54050173
 27094.54050173 27094.54050173 27094.54050173 27094.54050173
 27094.54050173]
[ 9709.49272619  9902.07316677 10582.29965556  9889.07963362
 10026.52906045  7958.33475044  7237.15973293  5876.86174757
  6735.84864735  5503.11484525  4921.90989353  5268.65988654
  5682.37080803     0.           472.03813405  3198.49542754
  2675.74475614 25378.51394389 25395.27414697 28241.93486644
 28240.97707233 25283.20315941 24484.55278334 27036.08884436
 26799.81929044 25960.21455998 25936.93507337 28427.26812411
 28000.01303571 28216.00453643 27608.33071738 29402.39350801
 29123.00963156 10844.27263582  8385.29957724  6924.03415647
  7242.87574103  4761.74852339  5760.05633653   740.43838366
  1915.26734426 26289.50834458 27788.99510598 24346.11363236
 26839.95620339 25641.92366029 28603.9900888  28346.57384941
 29767.73839243  5760.05633653  5760.05633653  5760.05633653
  5760.05633653  5760.05633653  5760.05633653  5760.05633653
  5760.05633653 26135.00045915 26135.00045915 26135.00045915
 26135.00045915 26135.00045915 26135.00045915 26135.00045915
 26135.00045915]
[ 9251.51906446  9432.06896709 10113.90814671  9426.84782947
  9574.86464656  7595.86519101  6894.22287136  5412.16592502
  6269.20577107  5031.1212468   4449.89314478  4822.12204325
  5243.79728823   472.03813405     0.          3180.49068541
  2664.43427391 25478.436098   25523.45519321 28350.89256091
 28357.27550383 25478.78603859 24662.72184898 27224.62796807
 26977.72566396 26168.81197151 26154.00628967 28627.46682821
 28222.91002005 28481.77641932 27876.99275388 29653.01826122
 29373.25031385 10374.80626325  7914.01320444  6452.02332606
  6777.43351129  4292.85511053  5327.90812608   269.45314992
  1918.49029187 26403.19308341 27903.12894641 24505.41991071
 26995.84421721 25842.1091438  28796.29498738 28613.99316768
 30028.59645405  5327.90812608  5327.90812608  5327.90812608
  5327.90812608  5327.90812608  5327.90812608  5327.90812608
  5327.90812608 26333.75410001 26333.75410001 26333.75410001
 26333.75410001 26333.75410001 26333.75410001 26333.75410001
 26333.75410001]
[ 9119.14491605  9773.95528944 10321.94521396  9415.13000441
  9261.94795926  6121.24766694  5283.82058742  5858.80098655
  6678.85409333  6085.86887798  5536.39323025  4900.86441355
  5088.12313137  3198.49542754  3180.49068541     0.
   522.75137494 22360.80358574 22453.79954484 25245.35034417
 25263.79712157 22582.92348214 21714.97004373 24303.48503816
 24025.47783084 23315.38344098 23331.04001111 25741.10401673
 25417.32489858 25859.1440887  25270.06406798 26957.7548212
 26676.91303356 10634.03987203  8463.61648469  7263.8009334
  7082.14684965  5119.25814938  5044.08604209  3230.91380263
  1283.27861355 23306.53994054 24806.26541824 21506.6688262
 23985.34560935 22960.6359668  25884.41237502 25998.97697987
 27378.87514125  5044.08604209  5044.08604209  5044.08604209
  5044.08604209  5044.08604209  5044.08604209  5044.08604209
  5044.08604209 23446.59472077 23446.59472077 23446.59472077
 23446.59472077 23446.59472077 23446.59472077 23446.59472077
 23446.59472077]
[ 9141.24832832  9722.5632937  10296.46347053  9419.47312752
  9315.61812227  6347.39899486  5523.56560566  5740.43430413
  6582.02742322  5875.94154157  5309.88898189  4819.07719382
  5052.56093481  2675.74475614  2664.43427391   522.75137494
     0.         22850.91665557 22930.16007358 25732.06313143
 25747.04550041 23015.95629123 22160.13341566 24742.88071345
 24472.23487955 23738.78703725 23747.50911148 26172.68730948
 25830.48741313 26232.70466422 25640.07693046 27347.18577843
 27066.48976133 10602.14228352  8366.92422578  7110.93671748
  7008.8102414   4921.72947245  5029.95238546  2724.41204666
   760.53993978 23790.53217143 25290.44129706 21964.36707488
 24446.43984305 23390.41301474 26321.95701311 26370.97686852
 27758.69991552  5029.95238546  5029.95238546  5029.95238546
  5029.95238546  5029.95238546  5029.95238546  5029.95238546
  5029.95238546 23877.82278601 23877.82278601 23877.82278601
 23877.82278601 23877.82278601 23877.82278601 23877.82278601
 23877.82278601]
[26857.43444561 28268.12071928 28291.13161399 27282.48452762
 26495.9284608  22886.78767324 22594.89918101 26248.57958062
 26633.55719764 27103.26469265 26772.02982592 25341.05185268
 25114.02803216 25378.51394389 25478.436098   22360.80358574
 22850.91665557     0.          1570.07165442  2915.97067886
  3025.77328959  5424.3617136   4421.03664314  5453.55021981
  4751.64981875  6309.15794698  6816.11157479  6787.63441856
  7891.83527451 10673.86762144 10605.33285663 10296.13645986
 10122.62910513 28596.41210012 27887.71745769 27562.77897818
 26685.17912625 26259.64175308 24923.07735814 25567.82714663
 23568.74593609  1201.15985614  2553.77857302  3411.85946369
  3550.46264591  5744.28280989  6454.05182812 10840.46977764
 11139.7838848  24923.07735814 24923.07735814 24923.07735814
 24923.07735814 24923.07735814 24923.07735814 24923.07735814
 24923.07735814  5761.0576286   5761.0576286   5761.0576286
  5761.0576286   5761.0576286   5761.0576286   5761.0576286
  5761.0576286 ]
[27434.62866525 28822.79410467 28884.13593999 27860.87265324
 27098.09074455 23391.05224226 23047.9826883  26613.25092881
 27042.25807879 27426.86628108 27068.26244885 25680.65345742
 25480.14060008 25395.27414697 25523.45519321 22453.79954484
 22930.16007358  1570.07165442     0.          3053.6352107
  2924.75657107  3866.31930911  2937.55306335  3940.21281151
  3245.81777061  4739.20805621  5247.0344005   5353.81676937
  6366.87309438  9111.36241185  9036.13545715  8779.43694094
  8596.96417347 29195.95605559 28364.21777522 27960.75553343
 27122.84738002 26556.99248786 25294.83840628 25628.28222882
 23629.40646737  1209.8966898   2523.65805925  2012.17543967
  2173.4419707   4176.58353203  5074.82512014  9278.9465997
  9617.89218072 25294.83840628 25294.83840628 25294.83840628
 25294.83840628 25294.83840628 25294.83840628 25294.83840628
 25294.83840628  4192.71391822  4192.71391822  4192.71391822
  4192.71391822  4192.71391822  4192.71391822  4192.71391822
  4192.71391822]
[29735.92403138 31152.48002969 31163.74863523 30160.36248124
 29366.57913343 25785.90291225 25502.77588813 29163.73249432
 29545.61981073 30019.23373439 29687.50794526 28256.95047241
 28029.20756996 28241.93486644 28350.89256091 25245.35034417
 25732.06313143  2915.97067886  3053.6352107      0.
   453.15891252  5960.32960498  5508.37997963  5060.29297571
  4458.30876006  6488.13848496  7003.75684901  5820.47163037
  7282.83468163 10283.99868728 10392.64740093  9484.19617047
  9380.45974353 31466.65183969 30790.17989554 30475.66534138
 29593.97198755 29175.12944273 27838.01677563 28444.87964467
 26445.02179995  1970.32433878   550.61601866  4851.71907678
  3173.98456203  6085.89993345  5327.30494716 10427.32842103
 10327.15730489 27838.01677563 27838.01677563 27838.01677563
 27838.01677563 27838.01677563 27838.01677563 27838.01677563
 27838.01677563  5860.47591924  5860.47591924  5860.47591924
  5860.47591924  5860.47591924  5860.47591924  5860.47591924
  5860.47591924]
[29882.61871055 31293.83410514 31315.40362186 30307.5951207
 29519.76160134 25911.0217861  25614.32850964 29253.78720781
 29647.43194612 30098.75720026 29759.72985428 28340.09176061
 28119.21314689 28240.97707233 28357.27550383 25263.79712157
 25747.04550041  3025.77328959  2924.75657107   453.15891252
     0.          5593.16189646  5207.83189053  4632.10643228
  4043.80513873  6085.24921429  6597.63571289  5368.22736106
  6835.28843576  9838.12024728  9952.68411033  9031.29503449
  8928.17495348 31620.21348758 30910.48205706 30574.98816026
 29703.46614454 29247.49392683 27929.4271513  28455.27896542
 26455.300055    1959.05615029   472.12392441  4612.79752428
  2784.40316765  5699.81587422  4874.20773049  9980.62628295
  9874.1025415  27929.4271513  27929.4271513  27929.4271513
 27929.4271513  27929.4271513  27929.4271513  27929.4271513
 27929.4271513   5457.37125363  5457.37125363  5457.37125363
  5457.37125363  5457.37125363  5457.37125363  5457.37125363
  5457.37125363]
[28660.08906127 29977.4361312  30131.45393107 29084.16727362
 28388.18911097 24498.27034711 24038.17474352 27333.24148359
 27863.47273762 28035.70817725 27615.22277658 26353.23989569
 26220.14935121 25283.20315941 25478.78603859 22582.92348214
 23015.95629123  5424.3617136   3866.31930911  5960.32960498
  5593.16189646     0.          1287.83112247  1801.17350636
  1846.13433964  1040.66613282  1461.2463858   3159.79192353
  3229.5194689   5454.92896379  5281.4408072   5507.5949379
  5270.77072163 30455.86487033 29333.76390782 28743.96814986
 28013.42008752 27113.86554883 26051.38585565 25619.84982392
 23656.13461663  4848.06198393  5448.00009178  2275.45709694
  2823.59788214   453.54713096  3325.61347724  5630.51551814
  6275.32509118 26051.38585565 26051.38585565 26051.38585565
 26051.38585565 26051.38585565 26051.38585565 26051.38585565
 26051.38585565   874.47412769   874.47412769   874.47412769
   874.47412769   874.47412769   874.47412769   874.47412769
   874.47412769]
[27564.77476781 28897.03932932 29033.90688488 27989.79215714
 27280.73642701 23418.68418592 22980.37397433 26337.47089225
 26846.94768498 27065.58708028 26658.35512555 25366.07379947
 25218.11049623 24484.55278334 24662.72184898 21714.97004373
 22160.13341566  4421.03664314  2937.55306335  5508.37997963
  5207.83189053  1287.83112247     0.          2629.87166987
  2315.27039458  2328.49328966  2727.55568229  4177.58782074
  4482.1558429   6719.82953653  6514.83000546  6791.54893967
  6556.85328492 29356.37593437 28288.81065015 27736.84928033
 26982.67607188 26153.86793574 25045.49476453 24794.61247933
 22817.11655753  4063.10324752  4964.35373437  1058.68219972
  2679.70296861  1733.43820196  4216.25521049  6896.43444107
  7562.85713206 25045.49476453 25045.49476453 25045.49476453
 25045.49476453 25045.49476453 25045.49476453 25045.49476453
 25045.49476453  2053.4867908   2053.4867908   2053.4867908
  2053.4867908   2053.4867908   2053.4867908   2053.4867908
  2053.4867908 ]
[30182.9017326  31519.68434169 31651.01518119 30608.19373959
 29894.10017043 26042.1737956  25608.14645772 28965.67851786
 29476.68185193 29689.87108426 29279.72180537 27993.13581934
 27846.90191027 27036.08884436 27224.62796807 24303.48503816
 24742.88071345  5453.55021981  3940.21281151  5060.29297571
  4632.10643228  1801.17350636  2629.87166987     0.
   702.97226119  1639.3998902   2084.20464446  1587.56952604
  2439.7381007   5324.46016043  5365.31872306  4843.5379631
  4669.54066263 31972.70018312 30917.77089313 30366.12515617
 29612.47299703 28775.91974203 27674.60129794 27361.75354395
 25391.36776544  4545.05852548  4631.36664495  3202.58598636
  2019.0485383   1561.9081279   1588.57074126  5481.01787992
  5686.2603704  27674.60129794 27674.60129794 27674.60129794
 27674.60129794 27674.60129794 27674.60129794 27674.60129794
 27674.60129794  1097.06745463  1097.06745463  1097.06745463
  1097.06745463  1097.06745463  1097.06745463  1097.06745463
  1097.06745463]
[29747.0131778  31094.39964045 31212.64615504 30172.79214789
 29449.02553566 25620.73773333 25202.99277864 28602.25826749
 29098.63063788 29343.58473329 28942.48774725 27636.06131488
 27479.71768414 26799.81929044 26977.72566396 24025.47783084
 24472.23487955  4751.64981875  3245.81777061  4458.30876006
  4043.80513873  1846.13433964  2315.27039458   702.97226119
     0.          2059.02549766  2560.79694626  2173.24388875
  3142.68293024  6011.51910918  6031.24108289  5544.60548642
  5372.19247608 31532.67817677 30518.84324479 29994.22932832
 29224.33562975 28436.80349477 27304.84925796 27109.20126083
 25130.87330357  3846.78996047  4004.59648404  2689.9429362
  1341.93628761  1775.3289836   2032.18921363  6170.15340166
  6388.25429989 27304.84925796 27304.84925796 27304.84925796
 27304.84925796 27304.84925796 27304.84925796 27304.84925796
 27304.84925796  1436.93876     1436.93876     1436.93876
  1436.93876     1436.93876     1436.93876     1436.93876
  1436.93876   ]
[29558.45484798 30864.1089455  31030.96443877 29981.66993348
 29295.73922945 25386.83154708 24910.86134601 28157.53945216
 28703.07462625 28840.24003021 28410.02015135 27171.69875072
 27049.85593307 25960.21455998 26168.81197151 23315.38344098
 23738.78703725  6309.15794698  4739.20805621  6488.13848496
  6085.24921429  1040.66613282  2328.49328966  1639.3998902
  2059.02549766     0.           524.36342359  2521.05711954
  2245.0501108   4443.42615557  4309.62701402  4471.29019412
  4232.02386572 31356.72580165 30194.02677683 29576.00806397
 28863.63201331 27911.36422678 26884.08921649 26316.69152838
 24365.55464175  5617.1392185   6011.34369339  3297.76484911
  3318.92347004   605.18840042  2834.47578928  4617.38594878
  5234.9071625  26884.08921649 26884.08921649 26884.08921649
 26884.08921649 26884.08921649 26884.08921649 26884.08921649
 26884.08921649   627.89569197   627.89569197   627.89569197
   627.89569197   627.89569197   627.89569197   627.89569197
   627.89569197]
[29703.87853463 30998.30011468 31177.05144814 30126.15682426
 29450.00244482 25524.61754855 25034.60429086 28239.33683711
 28797.12207843 28906.18736534 28468.6351271  27249.22641104
 27136.4464328  25936.93507337 26154.00628967 23331.04001111
 23747.50911148  6816.11157479  5247.0344005   7003.75684901
  6597.63571289  1461.2463858   2727.55568229  2084.20464446
  2560.79694626   524.36342359     0.          2709.25081895
  2100.24689025  3995.35242501  3825.73731456  4156.8041811
  3904.13946984 31504.00609446 30304.98968817 29663.5533947
 28966.47027168 27972.24338518 26973.17927127 26306.35664626
 24364.73681368  6138.92498732  6530.57424734  3736.36186684
  3838.02032303  1076.28992377  3095.54518623  4171.37866898
  4884.9155571  26973.17927127 26973.17927127 26973.17927127
 26973.17927127 26973.17927127 26973.17927127 26973.17927127
 26973.17927127  1145.60027933  1145.60027933  1145.60027933
  1145.60027933  1145.60027933  1145.60027933  1145.60027933
  1145.60027933]
[31742.2536062  33073.06617174 33211.46869682 32167.23340606
 31458.11774407 27594.31725917 27150.60699137 30477.71430078
 30999.63677207 31187.85975344 30770.18690226 29500.4844028
 29362.18862755 28427.26812411 28627.46682821 25741.10401673
 26172.68730948  6787.63441856  5353.81676937  5820.47163037
  5368.22736106  3159.79192353  4177.58782074  1587.56952604
  2173.24388875  2521.05711954  2709.25081895     0.
  1579.14185557  4550.48184262  4771.32036233  3669.67151118
  3559.98946628 33533.96284366 32454.99443845 31884.26985208
 31142.61813014 30268.17906647 29191.89380633 28770.65630117
 26810.12241673  5759.74513325  5495.33110922  4789.85010204
  3237.69424128  2785.43784709   553.77251647  4677.89097778
  4517.37357322 29191.89380633 29191.89380633 29191.89380633
 29191.89380633 29191.89380633 29191.89380633 29191.89380633
 29191.89380633  2294.92134941  2294.92134941  2294.92134941
  2294.92134941  2294.92134941  2294.92134941  2294.92134941
  2294.92134941]
[31788.08161875 33087.62156759 33260.97448963 32210.83609595
 31529.50169286 27612.20429448 27127.54085795 30339.56588351
 30896.61491167 31005.7501925  30567.28880683 29349.46052315
 29236.5051947  28000.01303571 28222.91002005 25417.32489858
 25830.48741313  7891.83527451  6366.87309438  7282.83468163
  6835.28843576  3229.5194689   4482.1558429   2439.7381007
  3142.68293024  2245.0501108   2100.24689025  1579.14185557
     0.          3007.71441463  3194.56178528  2415.3894096
  2231.07955932 33587.33590209 32401.68410747 31763.58186666
 31064.75708902 30071.23431122 29073.0826195  28378.12772189
 26442.58181419  6974.03276448  6914.1979289   5339.01985387
  4429.46193121  2776.89268788  2132.86966315  3146.44767953
  3251.02030138 29073.0826195  29073.0826195  29073.0826195
 29073.0826195  29073.0826195  29073.0826195  29073.0826195
 29073.0826195   2436.00759441  2436.00759441  2436.00759441
  2436.00759441  2436.00759441  2436.00759441  2436.00759441
  2436.00759441]
[32856.19736062 34093.26732656 34327.15347943 33272.57333
 32643.71579646 28660.01570132 28107.2187347  31087.6155406
 31704.96353885 31668.19908047 31194.08964852 30081.01316445
 30015.27414501 28216.00453643 28481.77641932 25859.1440887
 26232.70466422 10673.86762144  9111.36241185 10283.99868728
  9838.12024728  5454.92896379  6719.82953653  5324.46016043
  6011.51910918  4443.42615557  3995.35242501  4550.48184262
  3007.71441463     0.           641.02808051  1618.56479636
  1445.29374177 34658.53004673 33290.36955337 32534.13138536
 31917.56107537 30712.6310335  29865.59400045 28659.30398666
 26789.76866268  9851.78689376  9902.51003534  7730.2461151
  7343.48044186  5045.76109224  5095.4592531    178.05897899
  1591.76160275 29865.59400045 29865.59400045 29865.59400045
 29865.59400045 29865.59400045 29865.59400045 29865.59400045
 29865.59400045  4928.86447369  4928.86447369  4928.86447369
  4928.86447369  4928.86447369  4928.86447369  4928.86447369
  4928.86447369]
[32329.67976952 33558.20597112 33799.61214275 32745.00818445
 32123.35489951 28133.54220499 27572.56001898 30524.65149678
 31148.13962342 31096.230286   30618.87444045 29516.86504356
 29456.16358252 27608.33071738 27876.99275388 25270.06406798
 25640.07693046 10605.33285663  9036.13545715 10392.64740093
  9952.68411033  5281.4408072   6514.83000546  5365.31872306
  6031.24108289  4309.62701402  3825.73731456  4771.32036233
  3194.56178528   641.02808051     0.          2214.01196925
  2009.38423404 34131.46926225 32741.75001432 31972.81961291
 31365.55744762 30139.06425223 29308.05681037 28056.05449809
 26192.40718224  9839.57285658  9987.10138128  7548.65511201
  7372.73314314  4898.69309102  5324.20829795   743.09757098
  2230.96257252 29308.05681037 29308.05681037 29308.05681037
 29308.05681037 29308.05681037 29308.05681037 29308.05681037
 29308.05681037  4844.81103863  4844.81103863  4844.81103863
  4844.81103863  4844.81103863  4844.81103863  4844.81103863
  4844.81103863]
[33692.94544857 34960.76785484 35166.16001215 34112.76265564
 33458.01167135 29501.87607594 28980.35412137 32067.92802786
 32659.72634607 32685.46657155 32225.66581159 31067.25615499
 30981.07218932 29402.39350801 29653.01826122 26957.7548212
 27347.18577843 10296.13645986  8779.43694094  9484.19617047
  9031.29503449  5507.5949379   6791.54893967  4843.5379631
  5544.60548642  4471.29019412  4156.8041811   3669.67151118
  2415.3894096   1618.56479636  2214.01196925     0.
   281.00177935 35495.4162252  34210.95691442 33506.24677579
 32852.8776974  31737.62078354 30825.2262441  29822.61847994
 27925.98383227  9348.39948868  9164.96442983  7706.20354001
  6798.93910842  5058.3172103   4158.67442823  1618.81839624
   851.21853833 30825.2262441  30825.2262441  30825.2262441
 30825.2262441  30825.2262441  30825.2262441  30825.2262441
 30825.2262441   4791.09309031  4791.09309031  4791.09309031
  4791.09309031  4791.09309031  4791.09309031  4791.09309031
  4791.09309031]
[33416.06549251 34682.92370894 34889.2430987  33835.77707102
 33181.92678251 29224.68877508 28702.17993463 31787.50537554
 32379.71687646 32404.64579347 31944.74718948 30786.74333216
 30700.85197515 29123.00963156 29373.25031385 26676.91303356
 27066.48976133 10122.62910513  8596.96417347  9380.45974353
  8928.17495348  5270.77072163  6556.85328492  4669.54066263
  5372.19247608  4232.02386572  3904.13946984  3559.98946628
  2231.07955932  1445.29374177  2009.38423404   281.00177935
     0.         35218.58079196 33931.6730062  33225.96022691
 32573.24719766 31456.7390713  30545.10489424 29542.67139241
 27645.56805349  9192.41170749  9048.83600249  7483.47733343
  6643.60090614  4823.52910222  4065.51755623  1472.22043186
  1023.9301734  30545.10489424 30545.10489424 30545.10489424
 30545.10489424 30545.10489424 30545.10489424 30545.10489424
 30545.10489424  4570.93349328  4570.93349328  4570.93349328
  4570.93349328  4570.93349328  4570.93349328  4570.93349328
  4570.93349328]
[ 1802.77563773   949.72101167   334.67745667  1387.01297759
  2100.48851461  5998.5335708   6587.80357934  4996.34116129
  4125.45658079  5414.80230479  5961.25506919  5803.01059796
  5551.49754571 10844.27263582 10374.80626325 10634.03987203
 10602.14228352 28596.41210012 29195.95605559 31466.65183969
 31620.21348758 30455.86487033 29356.37593437 31972.70018312
 31532.67817677 31356.72580165 31504.00609446 33533.96284366
 33587.33590209 34658.53004673 34131.46926225 35495.4162252
 35218.58079196     0.          2500.          4000.
  3640.05494464  6082.7625303   5590.16994375 10111.87420808
 10594.81005021 29732.13749464 31148.83625435 28848.7434735
 31120.73263919 30886.89042296 33541.0196625  34817.38071711
 36055.51275464  5590.16994375  5590.16994375  5590.16994375
  5590.16994375  5590.16994375  5590.16994375  5590.16994375
  5590.16994375 31324.91021535 31324.91021535 31324.91021535
 31324.91021535 31324.91021535 31324.91021535 31324.91021535
 31324.91021535]
[ 2121.32034356  1551.4412654   2285.17154717  1997.199289
  2691.1060923   5011.72674834  5321.57457901  2634.08902659
  1785.88689451  2918.91829279  3475.85413963  3562.99480774
  3434.98544393  8385.29957724  7914.01320444  8463.61648469
  8366.92422578 27887.71745769 28364.21777522 30790.17989554
 30910.48205706 29333.76390782 28288.81065015 30917.77089313
 30518.84324479 30194.02677683 30304.98968817 32454.99443845
 32401.68410747 33290.36955337 32741.75001432 34210.95691442
 33931.6730062   2500.             0.          1500.
  1414.21356237  3640.05494464  3535.53390593  7648.52927039
  8276.47267862 28987.06608127 30438.46251045 27856.77655437
 30203.47662108 29753.15109362 32500.         33443.98301638
 34731.10997362  3535.53390593  3535.53390593  3535.53390593
  3535.53390593  3535.53390593  3535.53390593  3535.53390593
  3535.53390593 30207.61493399 30207.61493399 30207.61493399
 30207.61493399 30207.61493399 30207.61493399 30207.61493399
 30207.61493399]
[ 3354.10196625  3051.22434442  3779.94828007  3350.79169749
  3865.23634465  4959.67791293  5027.04247048  1457.19765303
   944.13558348  1428.31509129  2002.13935579  2471.22075096
  2527.27620176  6924.03415647  6452.02332606  7263.8009334
  7110.93671748 27562.77897818 27960.75553343 30475.66534138
 30574.98816026 28743.96814986 27736.84928033 30366.12515617
 29994.22932832 29576.00806397 29663.5533947  31884.26985208
 31763.58186666 32534.13138536 31972.81961291 33506.24677579
 33225.96022691  4000.          1500.             0.
  1118.03398875  2236.0679775   2692.58240357  6184.65843843
  6946.22199472 28635.64212655 30103.98644698 27354.15873318
 29740.54471593 29154.75947423 31953.09061734 32684.09399081
 34000.          2692.58240357  2692.58240357  2692.58240357
  2692.58240357  2692.58240357  2692.58240357  2692.58240357
  2692.58240357 29618.40643924 29618.40643924 29618.40643924
 29618.40643924 29618.40643924 29618.40643924 29618.40643924
 29618.40643924]
[ 2549.5097568   2726.71413977  3357.97692071  2665.10881579
  2983.6306742   3926.75502164  4092.32892129  1366.90343478
   519.02986427  2060.11747238  2493.50396029  2189.7333171
  2024.13561799  7242.87574103  6777.43351129  7082.14684965
  7008.8102414  26685.17912625 27122.84738002 29593.97198755
 29703.46614454 28013.42008752 26982.67607188 29612.47299703
 29224.33562975 28863.63201331 28966.47027168 31142.61813014
 31064.75708902 31917.56107537 31365.55744762 32852.8776974
 32573.24719766  3640.05494464  1414.21356237  1118.03398875
     0.          2500.          2121.32034356  6519.2024052
  6964.19413859 27771.388154   29231.83196449 26570.66051117
 28935.27259246 28429.73795166 31196.95497961 32070.23542165
 33365.40124141  2121.32034356  2121.32034356  2121.32034356
  2121.32034356  2121.32034356  2121.32034356  2121.32034356
  2121.32034356 28887.71365131 28887.71365131 28887.71365131
 28887.71365131 28887.71365131 28887.71365131 28887.71365131
 28887.71365131]
[ 5024.93781056  5141.98113571  5821.16904067  5164.08801242
  5406.66736539  4696.2117712   4378.0310643   1159.06212085
  1984.79016523   971.63985097   512.40804053  1146.70484433
  1605.34264255  4761.74852339  4292.85511053  5119.25814938
  4921.72947245 26259.64175308 26556.99248786 29175.12944273
 29247.49392683 27113.86554883 26153.86793574 28775.91974203
 28436.80349477 27911.36422678 27972.24338518 30268.17906647
 30071.23431122 30712.6310335  30139.06425223 31737.62078354
 31456.7390713   6082.7625303   3640.05494464  2236.0679775
  2500.             0.          1802.77563773  4031.12887415
  4716.99056603 27294.68812791 28779.33286232 25831.18270618
 28257.74230189 27513.6329844  30364.45290138 30858.54824842
 32202.48437621  1802.77563773  1802.77563773  1802.77563773
  1802.77563773  1802.77563773  1802.77563773  1802.77563773
  1802.77563773 27986.60393831 27986.60393831 27986.60393831
 27986.60393831 27986.60393831 27986.60393831 27986.60393831
 27986.60393831]
[ 4123.10562562  4740.98829359  5277.9739484   4390.19418705
  4346.49882089  2893.51084325  2624.72017556  1327.94013419
  1841.03014641  2308.69746827  2218.45937533   667.0322331
   210.05951538  5760.05633653  5327.90812608  5044.08604209
  5029.95238546 24923.07735814 25294.83840628 27838.01677563
 27929.4271513  26051.38585565 25045.49476453 27674.60129794
 27304.84925796 26884.08921649 26973.17927127 29191.89380633
 29073.0826195  29865.59400045 29308.05681037 30825.2262441
 30545.10489424  5590.16994375  3535.53390593  2692.58240357
  2121.32034356  1802.77563773     0.          5099.01951359
  5099.01951359 25985.57292037 27459.06043549 24667.79276709
 27060.11825547 26462.2372448  29261.7497768  30016.66203961
 31324.91021535     0.             0.             0.
     0.             0.             0.             0.
     0.         26925.82403567 26925.82403567 26925.82403567
 26925.82403567 26925.82403567 26925.82403567 26925.82403567
 26925.82403567]
[ 9000.          9168.47697276  9852.25908104  9171.46689467
  9328.66828652  7415.82126268  6728.23572714  5154.94180375
  6009.7747046   4762.99107704  4182.53057371  4581.80444803
  5009.80289033   740.43838366   269.45314992  3230.91380263
  2724.41204666 25567.82714663 25628.28222882 28444.87964467
 28455.27896542 25619.84982392 24794.61247933 27361.75354395
 27109.20126083 26316.69152838 26306.35664626 28770.65630117
 28378.12772189 28659.30398666 28056.05449809 29822.61847994
 29542.67139241 10111.87420808  7648.52927039  6184.65843843
  6519.2024052   4031.12887415  5099.01951359     0.
  2000.         26500.         28000.         24627.22071205
 27115.49372591 25985.57292037 28935.27259246 28792.36009778
 30203.47662108  5099.01951359  5099.01951359  5099.01951359
  5099.01951359  5099.01951359  5099.01951359  5099.01951359
  5099.01951359 26476.40458975 26476.40458975 26476.40458975
 26476.40458975 26476.40458975 26476.40458975 26476.40458975
 26476.40458975]
[ 9219.54445729  9690.87044594 10299.8548048   9470.57574807
  9438.22292595  6729.81463341  5932.04484137  5643.88385777
  6507.02635618  5636.85053909  5052.6786955   4793.42591473
  5090.19891556  1915.26734426  1918.49029187  1283.27861355
   760.53993978 23568.74593609 23629.40646737 26445.02179995
 26455.300055   23656.13461663 22817.11655753 25391.36776544
 25130.87330357 24365.55464175 24364.73681368 26810.12241673
